citsat = [2484.0,2273.0,638.0,1691.0,1543.0,1799.0,991.0,531.0,381.0,325.0,673.0,888.0,3242.0,1042.0,1314.0,1098.0,1331.0,1405.0,396.0,238.0,2771.0,945.0,3183.0,699.0,744.0,1901.0,1176.0,2021.0,775.0,1701.0,1668.0,501.0,738.0,912.0,776.0,428.0,908.0,328.0,1385.0,1277.0,1107.0,1277.0,1941.0,557.0,284.0,1525.0,1322.0,2304.0]
alignment = [0.12342,0.09845000000000001,0.43404000000000004,0.54145,0.42349000000000003,0.4395,0.43404000000000004,0.13512,0.3305,0.39177,0.37461,0.38045,0.21641,0.04411,0.45120000000000005,0.43404000000000004,0.37461,0.06673000000000001,0.3305,0.42456000000000005,0.54145,0.17923,0.21641,0.35628000000000004,0.06711,0.4395,0.37461,0.37461,0.22810999999999998,0.37461,0.15426,0.35628000000000004,0.01716,0.43404000000000004,0.01716,0.061270000000000005,0.44927,0.16288,0.37461,0.4676,0.38045,0.47424,0.43404000000000004,0.11984,0.35628000000000004,0.00546,0.21641,0.09299]
cost = [575000.0,49500.0,32000.0,174000.0,20000.0,577250.0,40000.0,20000.0,20000.0,30000.0,80000.0,259000.0,709000.0,50000.0,380000.0,791000.0,167200.0,611273.0,4800.0,17500.0,200000.0,107500.0,445000.0,32120.0,100725.0,80500.0,63640.0,42000.0,10000.0,94246.0,134040.0,40000.0,39100.0,50000.0,10080.0,160600.0,21150.0,22500.0,316625.0,36800.0,60000.0,62000.0,100000.0,67000.0,11000.0,350000.0,16300.0,70000.0]
budget = 3989345.0
