citsat = [1139.0,648.0,722.0,605.0,2156.0,333.0,1518.0,521.0,1701.0,1545.0,1329.0,1553.0,1117.0,1041.0,1388.0,1331.0,1106.0,2632.0,393.0,1295.0,917.0,311.0,746.0,910.0,1802.0,1441.0,773.0,791.0,1680.0,1065.0,643.0,218.0,2744.0,1001.0,1395.0,388.0,3790.0,310.0,1368.0,1320.0,365.0,654.0,295.0,1290.0,1170.0,2039.0,786.0,1014.0,1110.0,1383.0,2125.0,386.0,1551.0,1540.0,1090.0,413.0,1966.0,642.0,789.0,697.0,786.0,369.0,641.0,1538.0,817.0,474.0,1932.0,506.0,1299.0,669.0,568.0,732.0,616.0,746.0,554.0,1105.0,374.0,1581.0,1457.0,1679.0,1094.0,1012.0,684.0,483.0,373.0,1555.0,641.0,740.0,437.0,621.0,3148.0,1298.0,560.0,444.0,490.0,224.0,679.0,1577.0,1766.0,189.0,2232.0,195.0,756.0,2235.0,571.0,514.0,1599.0,909.0,795.0,1256.0]
alignment = [0.52703,0.43404000000000004,0.43404000000000004,0.14057999999999998,0.43404000000000004,0.31608,0.43404000000000004,0.16753,0.43404000000000004,0.17923,0.21641,0.43404000000000004,0.43404000000000004,0.43404000000000004,0.21641,0.21641,0.14057999999999998,0.21641,0.39177,0.43404000000000004,0.21641,0.14057999999999998,0.45392000000000005,0.06673000000000001,0.4395,0.14057999999999998,0.25506,0.47815,0.09845000000000001,0.49257,0.43404000000000004,0.42456000000000005,0.4395,0.43404000000000004,0.21641,0.09845000000000001,0.21641,0.01716,0.21641,0.01716,0.43404000000000004,0.46562000000000003,0.37461,0.21641,0.21641,0.21095,0.43404000000000004,0.14057999999999998,0.42623,0.14057999999999998,0.09299,0.00546,0.09299,0.43404000000000004,0.04411,0.46562000000000003,0.49257,0.21641,0.17923,0.21641,0.43404000000000004,0.4395,0.01716,0.14057999999999998,0.43404000000000004,0.43404000000000004,0.43404000000000004,0.43404000000000004,0.43950000000000006,0.4395,0.43404000000000004,0.34766,0.22810999999999998,0.13512,0.3305,0.14057999999999998,0.31608,0.21641,0.49257,0.13512,0.37461,0.21641,0.13512,0.37461,0.37461,0.3305,0.3305,0.4395,0.34766,0.21641,0.07257,0.43404000000000004,0.46562000000000003,0.37461,0.45120000000000005,0.38045,0.45120000000000005,0.35628000000000004,0.21641,0.37461,0.21641,0.14057999999999998,0.17923,0.45982,0.49257,0.43404000000000004,0.1609,0.43404000000000004,0.47815,0.11561]
cost = [482000.0,316000.0,324000.0,270000.0,282000.0,73000.0,433400.0,435500.0,756000.0,595300.0,395000.0,467200.0,780000.0,775000.0,498000.0,1600.0,367000.0,388050.0,15000.0,446500.0,220000.0,188500.0,173000.0,650000.0,475000.0,298000.0,24000.0,390000.0,340000.0,10000.0,490000.0,35000.0,88000.0,20000.0,82000.0,53937.0,97750.0,15000.0,146750.0,21360.0,157000.0,406000.0,50500.0,88500.0,39400.0,60000.0,781000.0,346000.0,75000.0,193400.0,4500.0,16000.0,90000.0,127500.0,47400.0,47000.0,730350.0,30000.0,130000.0,400000.0,58600.0,95500.0,768376.0,150000.0,220000.0,32350.0,632000.0,11000.0,183300.0,18150.0,23874.0,50000.0,80000.0,516677.0,48500.0,30750.0,36500.0,279700.0,256255.0,700000.0,60500.0,750000.0,269100.0,33000.0,21000.0,460000.0,90000.0,584000.0,43200.0,67900.0,585000.0,780000.0,300000.0,48850.0,65000.0,30000.0,14700.0,460000.0,6000.0,21450.0,336000.0,313400.0,390000.0,345000.0,46000.0,25000.0,440000.0,38000.0,384800.0,480000.0]
budget = 3906234.0
