citsat = [505.0,618.0,604.0,587.0,924.0,3074.0,393.0,1100.0,287.0,1585.0,397.0,551.0,404.0,525.0,261.0,1465.0,1828.0,729.0,595.0,641.0,548.0,289.0,846.0,408.0,866.0,617.0,506.0,1326.0,2023.0,254.0,250.0,446.0,496.0,233.0,566.0,244.0,147.0,412.0,572.0,1048.0,290.0,360.0,2261.0,730.0,358.0,356.0,339.0,315.0,325.0,540.0,874.0,899.0,609.0,610.0,587.0,363.0,207.0,421.0,680.0,1535.0,1083.0,138.0,577.0,193.0,1093.0,218.0,1648.0,1012.0,941.0,120.0,1537.0,1048.0,963.0,800.0,766.0,449.0,304.0,259.0,187.0,346.0,199.0,72.0,469.0,297.0,446.0,307.0,1100.0,1161.0,863.0,274.0,1549.0,194.0,260.0,407.0,502.0,300.0,614.0,316.0,182.0,166.0,150.0,294.0,247.0,601.0,1940.0,229.0,248.0,241.0,789.0,117.0,214.0,419.0,805.0,305.0,803.0,465.0,501.0,1010.0,376.0,1500.0,945.0,177.0,1221.0,1459.0,1026.0,398.0,1477.0,881.0,447.0,268.0,369.0,412.0]
alignment = [0.43404000000000004,0.21641,0.42456000000000005,0.45392,0.21641,0.09845000000000001,0.39177,0.1609,0.52703,0.21641,0.43404000000000004,0.09845000000000001,0.3305,0.3305,0.37461,0.37461,0.16753,0.42895000000000005,0.14057999999999998,0.21641,0.49841,0.14057999999999998,0.31608,0.35312,0.12342,0.3305,0.34766,0.17337,0.43404000000000004,0.3305,0.37461,0.3305,0.45392,0.37461,0.3305,0.37461,0.37461,0.46562000000000003,0.06711,0.43404000000000004,0.37461,0.49257,0.21641,0.37461,0.3305,0.3305,0.34766,0.3305,0.3305,0.37461,0.37461,0.52703,0.13512,0.11796,0.3305,0.3305,0.37461,0.14057999999999998,0.43404000000000004,0.21641,0.21641,0.3305,0.25506,0.34766,0.14057999999999998,0.37461,0.21641,0.21641,0.52703,0.37461,0.45392000000000005,0.21641,0.21641,0.49257,0.01716,0.21641,0,0.37461,0.37461,0.42456000000000005,0.37461,0.42456000000000005,0.21641,0.12342,0.12342,0.38045,0.42895000000000005,0.00546,0.43404000000000004,0.3305,0.22810999999999998,0.3305,0.3305,0.3305,0.3305,0.3305,0.3305,0.46562000000000003,0.34766,0.35312,0.3305,0.44846,0.14057999999999998,0.39177,0.37461,0.39177,0.34766,0.01716,0.43404000000000004,0.04411,0.34766,0.54145,0.21641,0.21641,0.44927,0.44065,0.43404000000000004,0.43404000000000004,0.21202000000000001,0.42895000000000005,0.12342,0.37461,0.21641,0.25506,0.21641,0.16207,0.4395,0.31608,0.04411,0.37461,0.37461,0.09289]
cost = [129375.0,600000.0,102230.0,39230.0,65000.0,230000.0,30000.0,330000.0,58000.0,292975.0,641000.0,229500.0,37170.0,71640.0,15000.0,48000.0,287000.0,20000.0,188500.0,350000.0,13500.0,95000.0,87000.0,85300.0,184500.0,28850.0,91750.0,168500.0,505000.0,96800.0,6000.0,26100.0,18000.0,27610.0,100330.0,31640.0,20000.0,254000.0,22000.0,250000.0,42000.0,6000.0,65000.0,14700.0,35500.0,28600.0,30800.0,106850.0,58200.0,18444.0,124700.0,63195.0,80000.0,740000.0,44600.0,121340.0,19700.0,241000.0,320000.0,560000.0,40000.0,11400.0,170000.0,25985.0,65000.0,25900.0,523000.0,107000.0,32596.0,5300.0,37000.0,125550.0,35000.0,130000.0,75700.0,100000.0,13200.0,30000.0,18200.0,266400.0,20500.0,43300.0,500000.0,35000.0,200000.0,35160.0,37350.0,40000.0,380000.0,51600.0,238500.0,64410.0,138117.0,33550.0,15850.0,208000.0,43700.0,680000.0,40100.0,7900.0,94700.0,152000.0,30000.0,420000.0,120000.0,666400.0,54400.0,20000.0,35000.0,55000.0,17430.0,20000.0,30000.0,86000.0,24800.0,34000.0,27000.0,160000.0,24800.0,35000.0,540000.0,66310.0,50000.0,74900.0,297750.0,275000.0,80000.0,300000.0,29000.0,17700.0,6000.0,77900.0]
budget = 4321791.0
