citsat = [2816.0,2805.0,2676.0,2516.0,2332.0,2160.0,2104.0,1961.0,1759.0,1738.0,1687.0,1584.0,1552.0,1394.0,1341.0,1224.0,1171.0,1143.0,1060.0]
alignment = [0.11943,0.11943,0.18997,0.11943,0.13299,0.2683,0.11943,0.11943,0.2683,0.11943,0.11943,0.19776,0.11943,0.11943,0.11943,0.07833,0.11943,0.19776,0.11943]
cost = [875000.0,300000.0,200000.0,380000.0,600000.0,1500000.0,250000.0,1500000.0,800000.0,120000.0,270000.0,500000.0,170000.0,100000.0,155000.0,225000.0,250000.0,225000.0,300000.0]
budget = 3000000.0
