citsat = [2885.0,2655.0,2220.0,1492.0,1377.0,1350.0,1348.0,1249.0,1227.0,1209.0,1138.0,938.0,906.0,797.0,791.0,525.0,411.0,364.0,306.0]
alignment = [0.11943,0.13299,0.18096,0.01356,0.27353,0.1952,0.1952,0.27353,0.1952,0.13299,0.1952,0.01356,0.09189,0.1952,0.27353,0.11943,0.38517,0.1952,0.1952]
cost = [500000.0,50000.0,300000.0,200000.0,450000.0,225000.0,150000.0,350000.0,450000.0,650000.0,375000.0,400000.0,300000.0,400000.0,1000000.0,1200000.0,850000.0,900000.0,1200000.0]
budget = 2400000.0
