citsat = [1597.0,1442.0,1418.0,1378.0,1374.0,1262.0,1079.0,969.0,943.0,899.0,683.0,657.0,656.0,636.0,633.0,621.0,529.0,510.0,506.0,426.0,268.0]
alignment = [0.19891999999999999,0.07833,0.13299,0.1952,0.1952,0.11943,0.20876,0.11943,0.1952,0.1952,0.1952,0.1952,0.38517,0.38517,0.1952,0.38517,0.1952,0.1952,0.1952,0.1952,0.1952]
cost = [1600000.0,185000.0,650000.0,800000.0,300000.0,100000.0,300000.0,110000.0,1015000.0,52000.0,450000.0,280000.0,380000.0,750000.0,975000.0,1580000.0,420000.0,325000.0,1600000.0,490000.0,1400000.0]
budget = 3200000.0
