citsat = [1212.0,1009.0,908.0,819.0,792.0,764.0,746.0,711.0,709.0,620.0,618.0,540.0,518.0,506.0,482.0,349.0,210.0]
alignment = [0.13299,0.1952,0.11943,0.18997,0.1952,0.01356,0.11943,0.11943,0.1952,0.07949,0.19776,0.11943,0.1952,0.1952,0.1952,0.07949,0.11943]
cost = [345000.0,120000.0,472500.0,52000.0,260000.0,70000.0,150000.0,750000.0,700000.0,500000.0,275000.0,780000.0,100000.0,50000.0,175000.0,53000.0,861000.0]
budget = 2000000.0
