citsat = [1056.0,822.0,1235.0,3127.0,731.0,848.0,1965.0,2157.0,1579.0,1550.0,1040.0,428.0,483.0,1670.0,2888.0,385.0,338.0,1063.0,4303.0,757.0,516.0,888.0,657.0,606.0,469.0,2294.0,719.0,2750.0,870.0,791.0,467.0,410.0,2575.0,513.0,702.0,1308.0,3962.0,1280.0,4220.0,3165.0,1978.0,1488.0,3438.0,918.0,2766.0,797.0,643.0,2130.0,1079.0,540.0,329.0,790.0,268.0,225.0,537.0,934.0,285.0,1816.0,777.0,684.0,700.0,809.0,1017.0,1109.0,593.0,878.0,348.0,749.0,1710.0,1498.0,533.0,3212.0,1814.0,2416.0,941.0,819.0,1185.0,3053.0,430.0,325.0,174.0,1373.0,563.0,443.0,1340.0,854.0,1429.0,507.0,1102.0,2876.0,2109.0,827.0,1284.0,2469.0,1005.0,995.0,1281.0,779.0]
alignment = [0.43404000000000004,0.43404000000000004,0.34766,0.33870000000000006,0.37461,0.49257,0.16753,0.43950000000000006,0.14057999999999998,0.22810999999999998,0.37344,0.43404000000000004,0.42456000000000005,0.13512,0.14057999999999998,0.48399000000000003,0.14057999999999998,0.00546,0.21641,0.38045,0.01716,0.06711,0.17923,0.13512,0.11796,0.14057999999999998,0.12342,0.21641,0.76454,0.3305,0.14057999999999998,0.39177,0.21641,0.37461,0.21641,0.12342,0.21641,0.21641,0.21641,0.21641,0.00546,0.21641,0.12423000000000001,0.43404000000000004,0.37461,0.37461,0.37461,0.35312,0.39761,0.16288,0.16872,0.42349000000000003,0.37461,0.44065,0.21641,0,0.17337,0.04411,0.04411,0.042940000000000006,0.3305,0.3305,0.14057999999999998,0.3305,0.4676,0.09406,0.37461,0.21641,0.21641,0.43404000000000004,0.35312,0.21641,0.43404000000000004,0.12342,0.12342,0.13512,0.13512,0.21641,0.22810999999999998,0.06673000000000001,0.42456000000000005,0.0484,0.43404000000000004,0.31608,0.12342,0.42456000000000005,0.54145,0.3305,0.31608,0.11796,0.54145,0.21641,0.46562000000000003,0.32154000000000005,0.31608,0.34766,0.46562000000000003,0.21641]
cost = [155000.0,275000.0,320000.0,324560.0,862500.0,68000.0,200000.0,32000.0,412100.0,813300.0,420000.0,340000.0,35684.0,1171000.0,212000.0,115800.0,95560.0,46000.0,140000.0,78900.0,49000.0,21936.0,120000.0,250310.0,350000.0,357600.0,33200.0,200000.0,35000.0,34000.0,255000.0,119484.0,215200.0,6000.0,430000.0,280000.0,850000.0,251000.0,110000.0,295000.0,24000.0,78600.0,765300.0,126855.0,208000.0,30000.0,30000.0,664300.0,126660.0,23050.0,33000.0,13000.0,50000.0,44772.0,281600.0,99500.0,444100.0,22000.0,14000.0,16100.0,19400.0,17960.0,160000.0,20000.0,17696.0,114200.0,106080.0,43000.0,36000.0,452000.0,7900.0,55300.0,922300.0,521000.0,92475.0,150000.0,640000.0,406000.0,40932.0,33400.0,110000.0,193200.0,993000.0,416445.0,67500.0,73000.0,250000.0,33520.0,85000.0,1293812.0,53000.0,95000.0,984100.0,197800.0,19650.0,31336.0,400000.0,120000.0]
budget = 7147577.0
