citsat = [1889.0,1504.0,1455.0,1225.0,1140.0,1073.0,985.0,945.0,918.0,885.0,853.0,827.0,784.0,734.0,694.0,640.0,592.0,413.0]
alignment = [0.11943,0.01356,0.18997,0.13299,0.11943,0.07833,0.1952,0.1952,0.07833,0.1952,0.1952,0.38517,0.07949,0.11943,0.38517,0.18997,0.1952,0.1952]
cost = [50000.0,578000.0,50000.0,650000.0,700000.0,50000.0,270000.0,1175000.0,250000.0,200000.0,450000.0,50000.0,100000.0,256000.0,506000.0,580000.0,823000.0,470000.0]
budget = 3600000.0
