citsat = [1565.0,321.0,437.0,568.0,939.0,290.0,1607.0,1216.0,1916.0,1656.0,836.0,1697.0,442.0,528.0,895.0,445.0,632.0,623.0,458.0,529.0,1005.0,386.0,517.0,338.0,590.0,693.0,1238.0,793.0,874.0,241.0,337.0,420.0,297.0,437.0,749.0,854.0,1327.0,200.0,578.0,545.0,349.0,412.0,431.0,312.0,442.0,783.0,453.0,328.0,1055.0,634.0,566.0,284.0,159.0,1558.0,668.0,349.0,175.0,491.0,383.0,670.0,1072.0,345.0,471.0,1192.0,313.0,992.0,489.0,309.0,793.0,784.0,264.0,431.0,410.0,707.0,652.0,486.0,485.0,452.0,850.0,241.0,265.0,1081.0,783.0,315.0,160.0,440.0,461.0,652.0,349.0,1192.0]
alignment = [0.12342,0.21641,0.4395,0.4395,0.16207,0.00546,0.4395,0.12342,0.43404000000000004,0.09845000000000001,0.4395,0.21641,0.42456000000000005,0.46562000000000003,0.46562000000000003,0.45392000000000005,0.21641,0.21641,0.49257,0.49257,0.44846,0.11796,0.43404000000000004,0.21641,0.4676,0.21641,0.00546,0.43404000000000004,0.45120000000000005,0.43404000000000004,0.43404000000000004,0.43404000000000004,0.43404000000000004,0.43404000000000004,0.12342,0.21641,0.09299,0.49257,0.37461,0.37461,0.42456000000000005,0.49257,0.44065,0.11796,0.37461,0.04411,0.31608,0.21641,0.12342,0.14057999999999998,0.21641,0.37461,0.37461,0.04411,0.54145,0.21202000000000001,0.16207,0.42349000000000003,0.43404000000000004,0.43404000000000004,0.43404000000000004,0.43404000000000004,0.13512,0.21095,0.43404000000000004,0.37461,0.49257,0.21641,0.21641,0.37461,0.21641,0.16753,0.04411,0.16753,0.21641,0.04995,0.01716,0.4676,0.01716,0.01716,0.01716,0.52703,0.31608,0.43404000000000004,0.39177,0.43404000000000004,0.31608,0.4395,0.25506,0.43404000000000004]
cost = [430000.0,72900.0,510046.0,415625.0,73100.0,23825.0,60000.0,100000.0,98000.0,336750.0,70000.0,50000.0,14840.0,40000.0,400000.0,40000.0,150000.0,210000.0,18600.0,11800.0,260000.0,240000.0,154800.0,3000.0,21000.0,24300.0,42000.0,121000.0,398000.0,232400.0,268800.0,346800.0,352000.0,403200.0,198000.0,130000.0,40500.0,9500.0,4700.0,98500.0,173300.0,12800.0,72000.0,467000.0,20050.0,255000.0,218000.0,390000.0,122500.0,151863.0,260000.0,42000.0,42000.0,150000.0,3000.0,9600.0,7300.0,15000.0,28000.0,66000.0,20000.0,20000.0,16000.0,60000.0,120000.0,168000.0,36000.0,380000.0,150000.0,29000.0,151500.0,25000.0,120000.0,34000.0,350000.0,8300.0,12000.0,28000.0,15000.0,30000.0,11000.0,130000.0,33000.0,45000.0,25000.0,122000.0,25000.0,45500.0,12650.0,62000.0]
budget = 2742675.0
