citsat = [1277.0,621.0,381.0,392.0,1407.0,448.0,941.0,3039.0,474.0,264.0,1344.0,399.0,1663.0,1203.0,604.0,1132.0,218.0,687.0,363.0,415.0,777.0,138.0,999.0,894.0,2201.0,4580.0,638.0,1502.0,1048.0,343.0,683.0,1559.0,269.0,679.0,493.0,134.0,1316.0,754.0,802.0,661.0,2532.0,261.0,1134.0,926.0,403.0,546.0,692.0,1436.0,908.0,2422.0,1780.0,3472.0,680.0,1031.0,921.0,1265.0,788.0,554.0,358.0,771.0,5634.0,991.0,275.0,2214.0,944.0,920.0,789.0,790.0,798.0,2078.0,949.0,2325.0,3339.0,357.0,569.0,1574.0,531.0,693.0,653.0,1503.0,460.0,2121.0,1868.0,454.0,365.0,906.0,358.0,585.0,749.0,1835.0,1211.0,1733.0,566.0,611.0,3549.0,322.0,1805.0,1789.0,2556.0,306.0,1177.0,869.0,719.0,1337.0,106.0,870.0]
alignment = [0.14057999999999998,0.43404000000000004,0.31608,0.01716,0.21641,0.46562000000000003,0.12342,0.21641,0.37461,0.42456000000000005,0.37461,0.49257,0.35312000000000004,0.14057999999999998,0.4395,0.12342,0.43404000000000004,0.21641,0.54145,0.49257,0.01716,0.4676,0.37461,0.46562000000000003,0.1609,0.21641,0.01716,0.21641,0.4395,0.39177,0.17923,0.13512,0.4676,0.21095,0.3305,0.44846,0.14057999999999998,0.31608,0.46562000000000003,0.11561,0.54145,0.3305,0.45392000000000005,0.33324000000000004,0.4676,0.31608,0.21641,0.3305,0.37461,0.12342,0.21641,0.12342,0.49257,0.39761,0.49257,0.49257,0.21641,0.41453000000000007,0.21641,0.21641,0.21641,0.76454,0.35312,0.43950000000000006,0.21641,0.21641,0.01716,0.41014000000000006,0.01716,0.32154000000000005,0.01716,0.43404000000000004,0.31608,0.12342,0.37735,0.22810999999999998,0.01716,0.49257,0.01716,0.21641,0.01716,0.4395,0.12342,0.31608,0.31608,0.01716,0.00546,0.49257,0.43950000000000006,0.21641,0.13512,0.43404000000000004,0.042940000000000006,0.042940000000000006,0.21641,0.17923,0.21641,0.12342,0.21641,0.042940000000000006,0.37461,0.39761,0.01716,0.52703,0.49257,0.16753]
cost = [643000.0,111700.0,227000.0,71000.0,890635.0,980000.0,720000.0,65000.0,200000.0,38500.0,274000.0,10000.0,680000.0,685000.0,136955.0,70000.0,81000.0,128000.0,135000.0,70000.0,8880.0,27900.0,17400.0,341800.0,82000.0,550000.0,1115000.0,237000.0,58250.0,1050000.0,99300.0,425000.0,4500.0,12000.0,35000.0,225000.0,555000.0,103428.0,800000.0,850000.0,904800.0,122000.0,61400.0,200000.0,15000.0,10000.0,86200.0,94100.0,65000.0,130000.0,365700.0,647956.0,850000.0,130500.0,100000.0,21500.0,445000.0,1008500.0,658770.0,370000.0,840000.0,1030000.0,6900.0,121800.0,480000.0,135000.0,45480.0,53400.0,80000.0,701000.0,136000.0,402000.0,997231.0,298600.0,100000.0,100000.0,60000.0,134000.0,15000.0,154200.0,15000.0,900000.0,150000.0,5500.0,20000.0,130000.0,175000.0,25000.0,91600.0,114800.0,441000.0,273400.0,33600.0,31200.0,257997.0,502800.0,218105.0,222360.0,900000.0,33600.0,61000.0,47000.0,51600.0,843587.0,47400.0,110000.0]
budget = 5900907.0
