citsat = [1435.0,941.0,1464.0,538.0,505.0,701.0,692.0,888.0,777.0,378.0,1084.0,278.0,201.0,273.0,182.0,432.0,1116.0,340.0,208.0,264.0,989.0,214.0,862.0,520.0,148.0,358.0,835.0,421.0,568.0,337.0,315.0,200.0,232.0,619.0,529.0,557.0,511.0,844.0,656.0,854.0,275.0,523.0,498.0,491.0,1179.0,530.0,349.0,548.0,143.0,396.0,287.0,348.0,717.0,547.0,640.0,516.0,536.0,614.0,375.0]
alignment = [0.52703,0.7395700000000001,0.21641,0.16207,0.43404000000000004,0.45392000000000005,0.49257,0.43404000000000004,0.21641,0.54145,0.45392000000000005,0.042940000000000006,0.12342,0.11796,0.76454,0.37461,0.21095,0.34766,0.34766,0.49257,0.21641,0.42456000000000005,0.14057999999999998,0.54145,0.11796,0.3305,0.13512,0.3305,0.13512,0.37461,0.01716,0.01716,0.37344,0.37344,0.54145,0.21641,0.46562000000000003,0.1492,0.14057999999999998,0.43404000000000004,0.13512,0.12342,0.43404000000000004,0.11796,0.09299,0.14057999999999998,0.34766,0.22810999999999998,0.49257,0.45392,0.12342,0.17337,0.43404000000000004,0.39761,0.13512,0.76454,0.44846,0.76454,0.43404000000000004]
cost = [432000.0,144500.0,313000.0,430000.0,339849.0,104000.0,95000.0,98100.0,431860.0,12200.0,31500.0,23600.0,210500.0,100800.0,50000.0,9000.0,100500.0,20100.0,20000.0,130000.0,77000.0,13500.0,430000.0,12000.0,350000.0,24947.0,65500.0,81200.0,432119.0,50000.0,420000.0,68800.0,8930.0,167500.0,4900.0,83203.0,356795.0,430000.0,250000.0,174000.0,181000.0,110000.0,61500.0,70000.0,49900.0,432150.0,22500.0,120200.0,80000.0,430000.0,430000.0,419900.0,325000.0,96640.0,430000.0,393000.0,25000.0,50912.0,125200.0]
budget = 2160895.0
