citsat = [733.0,423.0,416.0,475.0,88.0,408.0,255.0,195.0,243.0,636.0,361.0,175.0,276.0,635.0,100.0,123.0,234.0,226.0,144.0,362.0,350.0,719.0,347.0,474.0,209.0,236.0,362.0,210.0,520.0,590.0,466.0,277.0,336.0,157.0,266.0,443.0,123.0,331.0,58.0,130.0,126.0,240.0,165.0,221.0,198.0,167.0,192.0,473.0,185.0,130.0,147.0,197.0,80.0]
alignment = [0.37461,0.37461,0.37461,0.37461,0.49257,0.21641,0.37461,0.37461,0.11796,0.04411,0.04411,0.37461,0.49257,0.16791,0.16207,0.16207,0.16207,0.49257,0.37461,0.37461,0.43404000000000004,0.39177,0.09845000000000001,0.09845000000000001,0.37461,0.21202000000000001,0.21641,0.18506999999999998,0.76454,0.76454,0.34766,0.43404000000000004,0.11796,0.16207,0.21202000000000001,0.11796,0.04995,0.16207,0.37461,0.37461,0.09406,0.37461,0.37461,0.04995,0.09406,0.21202000000000001,0.37461,0.37461,0.37461,0.37461,0.04411,0.37461,0.37461]
cost = [67000.0,75000.0,24500.0,33200.0,11000.0,166075.0,34000.0,34000.0,116200.0,41000.0,151000.0,10000.0,20200.0,7200.0,20200.0,45200.0,37000.0,55000.0,5400.0,11700.0,36350.0,165000.0,144000.0,10500.0,15200.0,18000.0,26100.0,5000.0,121000.0,137500.0,165868.0,121000.0,12000.0,165000.0,20000.0,109000.0,30000.0,164250.0,25800.0,26500.0,10000.0,39000.0,17000.0,17000.0,5000.0,4500.0,21000.0,38000.0,42000.0,24900.0,3000.0,3700.0,50000.0]
budget = 831114.0
