citsat = [2004.0,1564.0,1382.0,1133.0,1090.0,1083.0,1047.0,1038.0,989.0,948.0,868.0,862.0,848.0,839.0,781.0,729.0,546.0,500.0,363.0,291.0]
alignment = [0.11943,0.3094,0.1952,0.1952,0.2683,0.1952,0.1952,0.1952,0.1952,0.1952,0.1952,0.1952,0.1952,0.1952,0.1952,0.18997,0.1952,0.01356,0.1952,0.1952]
cost = [585000.0,525000.0,175000.0,400000.0,193000.0,910000.0,400000.0,85000.0,50000.0,135000.0,85000.0,50000.0,580000.0,170000.0,900000.0,830000.0,260000.0,300000.0,1100000.0,995000.0]
budget = 3000000.0
