citsat = [2430.0,2205.0,2011.0,1859.0,1804.0,1750.0,1672.0,1671.0,1645.0,1578.0,1539.0,1504.0,1261.0,1257.0,1193.0,1171.0,939.0,930.0]
alignment = [0.19776,0.1952,0.11943,0.1952,0.07833,0.11943,0.11943,0.1952,0.1952,0.1952,0.1952,0.09189,0.07833,0.1952,0.18096,0.09189,0.01356,0.11943]
cost = [350000.0,390000.0,725000.0,1000000.0,400000.0,1100000.0,1800000.0,250000.0,365000.0,550000.0,156000.0,150000.0,250000.0,559000.0,180000.0,243000.0,385000.0,1800000.0]
budget = 3600000.0
