citsat = [3351.0,2890.0,2483.0,2413.0,2192.0,2132.0,2004.0,1927.0,1824.0,1804.0,1671.0,1626.0,1590.0,1445.0,1232.0,1212.0,1083.0,790.0,518.0]
alignment = [0.11943,0.01356,0.1952,0.11943,0.07949,0.3094,0.11943,0.1952,0.01356,0.1952,0.07949,0.1952,0.1952,0.11943,0.1952,0.11943,0.01356,0.1952,0.1952]
cost = [850000.0,1600000.0,200000.0,850000.0,1000000.0,535000.0,550000.0,300000.0,70000.0,122000.0,50000.0,400000.0,300000.0,236500.0,1200000.0,300000.0,275000.0,1300000.0,588000.0]
budget = 3600000.0
