citsat = [1009.0,946.0,698.0,686.0,648.0,623.0,616.0,613.0,599.0,594.0,500.0,489.0,462.0,408.0,403.0,360.0]
alignment = [0.13299,0.1952,0.38772999999999996,0.1952,0.11943,0.3094,0.13299,0.11943,0.1952,0.1952,0.1952,0.1952,0.1952,0.1952,0.1952,0.1952]
cost = [1100000.0,340000.0,50000.0,370000.0,1100000.0,650000.0,1050000.0,120000.0,500000.0,390000.0,300000.0,600000.0,350000.0,1100000.0,595000.0,112500.0]
budget = 2200000.0
