citsat = [1463.0,1550.0,1232.0,603.0,730.0,426.0,670.0,793.0,743.0,709.0,759.0,872.0,1065.0,378.0,1021.0,856.0,783.0,1842.0,836.0,278.0,1451.0,345.0,1508.0,562.0,1377.0,1088.0,782.0,1174.0,454.0,472.0,1057.0,318.0,1084.0,1491.0,673.0,568.0,252.0,363.0,254.0,343.0,344.0,272.0,1198.0,491.0,1059.0,409.0,1081.0,532.0,449.0,316.0,1827.0]
alignment = [0.21641,0.21641,0.49257,0.49257,0.21641,0.13512,0.21641,0.21641,0.21641,0.11796,0.43404000000000004,0.12342,0.4395,0.47815,0.21641,0.11796,0.12342,0.21641,0.44927,0.16288,0.21641,0.42456000000000005,0.47344,0.42349000000000003,0.43404000000000004,0.12342,0.38045,0.12342,0.39177,0.01716,0.43404000000000004,0.3305,0.21641,0.21641,0.37461,0.3305,0.37461,0.21641,0.35312,0.49257,0.39177,0.49257,0.21641,0.49257,0.31608,0.16207,0.12342,0.16207,0.37461,0.49257,0.04995]
cost = [517000.0,50414.0,334500.0,70700.0,21600.0,80000.0,20000.0,145500.0,560000.0,95000.0,77000.0,15300.0,60000.0,150000.0,16080.0,330300.0,160000.0,37900.0,22500.0,22500.0,396000.0,199933.0,67500.0,15000.0,30000.0,75320.0,133900.0,139300.0,25500.0,21500.0,50000.0,32000.0,3250.0,9680.0,80000.0,16000.0,10500.0,50000.0,10000.0,174500.0,60000.0,83000.0,53700.0,303000.0,139000.0,12000.0,292300.0,120000.0,30000.0,4500.0,423600.0]
budget = 3823123.0
