citsat = [275.0,782.0,238.0,197.0,882.0,923.0,355.0,195.0,1199.0,880.0,164.0,418.0,528.0,453.0,1715.0,1113.0,94.0,115.0,561.0,1692.0,828.0,221.0,579.0,491.0,743.0,315.0,200.0,1175.0,336.0,119.0,951.0,96.0,944.0,439.0,1103.0,777.0,873.0,652.0,253.0,400.0,1097.0,149.0,632.0,226.0,186.0,1602.0,246.0,362.0,396.0,723.0,1156.0,563.0,202.0,544.0,339.0,917.0,291.0,1351.0,864.0,444.0,1072.0,1077.0,720.0,289.0,594.0,166.0,148.0,319.0,1043.0,689.0,1640.0,599.0,93.0,485.0,555.0,721.0,289.0,925.0,313.0,274.0,1829.0,1630.0,254.0,148.0,221.0,139.0,275.0,399.0,311.0,670.0,135.0]
alignment = [0.49257,0.43404000000000004,0.13512,0.37461,0.21641,0.13512,0.37461,0.49257,0.13512,0.47815,0.37461,0.4676,0.09406,0.46562000000000003,0.13512,0.01716,0.49257,0.42456000000000005,0.48399000000000003,0.4676,0.43404000000000004,0.3305,0.14057999999999998,0.11796,0.39761,0.21202000000000001,0.37461,0.11796,0.49257,0.3305,0.12342,0.49257,0.76454,0.49257,0.4676,0.4676,0.04411,0.18506999999999998,0.37461,0.01716,0.14057999999999998,0.42349000000000003,0.17923,0.3305,0.49257,0.21641,0.3305,0.3305,0.13512,0.37461,0.38007,0.04995,0.37461,0.13512,0.3305,0.21641,0.34766,0.13512,0.14057999999999998,0.1609,0.16207,0.11796,0.31608,0.1609,0.37461,0.3305,0.44846,0.34766,0.13512,0.49257,0.49257,0.13512,0.34766,0.42456000000000005,0.43404000000000004,0.38045,0.37461,0.16207,0.40039,0.38045,0.09299,0.09299,0.04995,0.04995,0.38045,0.04995,0.17923,0.01716,0.01716,0.39177,0.37461]
cost = [165040.0,64500.0,277600.0,19200.0,88000.0,800000.0,80000.0,188260.0,254500.0,450000.0,40000.0,19600.0,100000.0,13425.0,376000.0,814444.0,31200.0,36800.0,268689.0,283500.0,340000.0,9000.0,282500.0,188000.0,101820.0,240000.0,4800.0,133000.0,45000.0,20000.0,80000.0,150000.0,100000.0,29720.0,24800.0,19500.0,95000.0,23120.0,15000.0,25400.0,810000.0,15000.0,190000.0,7000.0,25000.0,38000.0,93800.0,32360.0,18500.0,70500.0,270000.0,335250.0,13000.0,381700.0,13000.0,40000.0,171000.0,121960.0,150000.0,76900.0,75000.0,800000.0,300000.0,62710.0,105000.0,15000.0,12500.0,34900.0,125695.0,150000.0,330000.0,283500.0,81500.0,150000.0,220000.0,140000.0,75000.0,500000.0,98200.0,8100.0,62000.0,77000.0,47000.0,19800.0,17500.0,73300.0,75000.0,18550.0,41850.0,80000.0,26000.0]
budget = 4072457.0
