citsat = [693.0,494.0,309.0,838.0,643.0,463.0,337.0,190.0,908.0,765.0,578.0,576.0,589.0,650.0,417.0,243.0,470.0,321.0,256.0,322.0,343.0,401.0,192.0,1124.0,295.0,970.0,98.0,803.0,1747.0,461.0,852.0,187.0,534.0,437.0,481.0,342.0,648.0,254.0,476.0,493.0,857.0,207.0,501.0,1085.0,1069.0,2125.0,1785.0,1529.0,365.0,394.0,574.0,372.0,742.0,571.0,300.0,315.0,985.0,299.0,218.0,406.0,612.0,337.0,448.0,643.0,494.0]
alignment = [0.3305,0.3305,0.04411,0.04411,0.37461,0.37461,0.37461,0.49257,0.37461,0.49257,0.21202000000000001,0.37461,0.37461,0.37461,0.34766,0.37461,0.01716,0.16207,0.01716,0.4676,0.49257,0.16207,0.37461,0.43404000000000004,0.37461,0.4395,0.04411,0.42349000000000003,0.21641,0.09299,0.22810999999999998,0.04411,0.04411,0.39177,0.34766,0.01716,0.34766,0.37461,0.37461,0.44846,0.46562000000000003,0.37461,0.17923,0.49257,0.21641,0.14057999999999998,0.31608,0.13512,0.35312,0.34766,0.42456000000000005,0.04411,0.3305,0.37461,0.34766,0.4676,0.3305,0.42349000000000003,0.3305,0.4676,0.3305,0.3305,0.3305,0.3305,0.34766]
cost = [17000.0,6500.0,15000.0,10000.0,18000.0,44000.0,100000.0,15000.0,70000.0,34000.0,144000.0,17800.0,30000.0,24000.0,126860.0,20000.0,42000.0,44000.0,14000.0,32000.0,25500.0,35000.0,150000.0,100000.0,46000.0,193895.0,78800.0,30000.0,42000.0,5266.0,398000.0,6000.0,62000.0,20000.0,40000.0,236000.0,72166.0,57500.0,20000.0,7000.0,381100.0,26800.0,220000.0,120000.0,7350.0,289948.0,100000.0,350000.0,6900.0,49212.0,7000.0,47000.0,45000.0,35000.0,24350.0,21000.0,30000.0,10000.0,10000.0,55000.0,68800.0,35000.0,75000.0,35000.0,20000.0]
budget = 1994673.0
