citsat = [1593.0,740.0,2550.0,339.0,944.0,1283.0,1238.0,1786.0,376.0,592.0,1553.0,1306.0,327.0,2345.0,1240.0,574.0,310.0,515.0,1179.0,1450.0,1248.0,355.0,1950.0,898.0,875.0,834.0,558.0,729.0,877.0,198.0,632.0,2271.0,829.0,1733.0,414.0,333.0,455.0,306.0,1221.0,1633.0,2093.0,1100.0,2211.0,2163.0,1916.0,1305.0,1580.0,665.0,714.0,1893.0,1169.0,1265.0,534.0,808.0,828.0,1447.0,731.0,505.0,974.0,280.0,144.0,1701.0,648.0,441.0,1077.0,462.0,2743.0,1503.0,434.0,274.0,326.0,786.0,2075.0,2834.0,271.0,438.0,895.0,905.0,102.0,1081.0,1923.0,1113.0,2702.0,1257.0,488.0,1231.0,741.0,156.0,295.0,1194.0,1923.0,1231.0,386.0,986.0,1626.0,710.0,394.0,406.0,180.0,439.0,307.0,327.0,475.0,577.0,1806.0]
alignment = [0.11796,0.37461,0.21641,0.35312000000000004,0.44846,0.11796,0.16791,0.12342,0.21202000000000001,0.46562000000000003,0.17923,0.22810999999999998,0.42456000000000005,0.21641,0.16207,0.39177,0.04411,0.37461,0.21641,0.21641,0.11122000000000001,0.11796,0.4395,0.21641,0.18506999999999998,0.3305,0.04411,0.45982,0.39761,0.01716,0.09289,0.09845000000000001,0.42349000000000003,0.14057999999999998,0.46562000000000003,0.40623000000000004,0.21641,0.4395,0.17923,0.3305,0.45120000000000005,0.43404000000000004,0.21641,0.21641,0.12342,0.11796,0.43950000000000006,0.42895000000000005,0.31608,0.43404000000000004,0.43404000000000004,0.21095,0.42456000000000005,0.38045,0.31608,0.37461,0.04411,0.11796,0.32154000000000005,0.11796,0.43404000000000004,0.21641,0.04411,0.13512,0.13512,0.38045,0.12342,0.4395,0,0.3305,0.35312,0.31608,0.21641,0.09299,0.38045,0.38045,0.45392000000000005,0.21641,0.17923,0.00546,0.01716,0.17923,0.21641,0.3305,0.38045,0.11796,0.04411,0.01716,0.31608,0.43404000000000004,0.13512,0.37461,0.44846,0.37461,0.09299,0.13512,0.21202000000000001,0.42456000000000005,0.49841,0.21202000000000001,0.39177,0.48399000000000003,0.42456000000000005,0.11122000000000001,0.01716]
cost = [90000.0,45000.0,717200.0,140000.0,686620.0,71400.0,490000.0,140400.0,716500.0,56000.0,936690.0,60959.0,38500.0,17780.0,40000.0,98075.0,62000.0,32400.0,135000.0,996180.0,45900.0,50000.0,960200.0,85000.0,380000.0,618300.0,300000.0,610000.0,140300.0,26110.0,40200.0,35000.0,60000.0,323000.0,350000.0,78500.0,110208.0,40000.0,73700.0,126000.0,418000.0,19500.0,578900.0,214500.0,78152.0,100000.0,145000.0,120000.0,610000.0,950000.0,300000.0,38070.0,70300.0,45840.0,144000.0,220000.0,149200.0,75000.0,21300.0,25000.0,170000.0,190000.0,58600.0,51410.0,430500.0,36600.0,453200.0,42900.0,28000.0,23500.0,7600.0,800000.0,61000.0,880000.0,61000.0,14400.0,466100.0,165000.0,22140.0,58900.0,440500.0,215140.0,576800.0,449000.0,374000.0,250000.0,124980.0,2500.0,40000.0,510000.0,990000.0,580000.0,61360.0,13200.0,200892.0,220000.0,200000.0,30000.0,64000.0,30000.0,58000.0,51500.0,60000.0,188120.0,365500.0]
budget = 4986682.0
