citsat = [14276.0,2389.0,2423.0,8086.0,9985.0,4070.0,24125.0,9916.0,2531.0,6417.0,5165.0,1776.0,16475.0,3935.0,4297.0,12787.0,23418.0,9145.0,1064.0,11928.0,15831.0,17343.0,31046.0,1127.0,1750.0,3290.0,5891.0,17928.0,1343.0,6775.0,37083.0,8594.0,3013.0,11051.0,43874.0,11959.0,8355.0,12463.0,23844.0,14762.0,6543.0,1738.0,1867.0,5528.0,625.0,6126.0,2694.0,990.0,8593.0,4655.0,1777.0,2565.0,1411.0,12573.0,4248.0,4531.0,7154.0,4988.0,1937.0,2534.0,888.0,1333.0,1439.0,3317.0,4651.0,388.0,1693.0,2498.0,1731.0,24594.0,8247.0,15130.0,5402.0,4953.0,2010.0,1823.0,5953.0,1520.0,968.0,1668.0,6454.0,3419.0,6923.0,3684.0,4406.0,8115.0,15657.0,737.0,1250.0,6166.0,2749.0,21075.0,3832.0,3763.0,2733.0,2572.0,6848.0,3193.0,592.0,3228.0,2345.0,1020.0,13526.0,37367.0,2201.0,4993.0]
alignment = [0.42895000000000005,0.16753,0.21641,0.44846,0.21641,0.42895000000000005,0.09845000000000001,0.49257,0.39177,0.52703,0.23673,0.21095,0.48399000000000003,0.21095,0.52703,0.21641,0.21641,0.01716,0.3305,0.3305,0.12342,0.45120000000000005,0.43404000000000004,0.47815,0.13512,0.43404000000000004,0.38045,0.09845000000000001,0.3305,0.21641,0.12342,0.09845000000000001,0.3305,0.11796,0,0.43404000000000004,0.11796,0.12342,0.42895000000000005,0.21641,0.21641,0.38045,0.39177,0.09845000000000001,0.37461,0.16207,0.11122000000000001,0.37461,0.38045,0.21641,0.34766,0.3305,0.01716,0.11796,0.44927,0.16288,0.21641,0.16872,0.42349000000000003,0,0.16207,0.37461,0.11984,0.42623,0.21641,0.37461,0.37461,0.18785000000000002,0.49257,0.43404000000000004,0.42895000000000005,0.43404000000000004,0.14057999999999998,0.21095,0.49841,0.37461,0.09299,0.37461,0.1484,0.40039,0.42349000000000003,0.34766,0.21641,0.43950000000000006,0.42349000000000003,0.3305,0.21641,0.37461,0.49257,0.39761,0.25506,0.21095,0.21641,0.42349000000000003,0.42895000000000005,0.42895000000000005,0.43404000000000004,0.37461,0.42895000000000005,0.42349000000000003,0.42349000000000003,0.37461,0.33870000000000006,0.14057999999999998,0.42349000000000003,0.17923]
cost = [22085.0,404900.0,98100.0,1340504.0,457000.0,50400.0,1137500.0,1625000.0,278700.0,301000.0,49000.0,90000.0,850000.0,1125000.0,1095300.0,1621800.0,997989.0,1981900.0,1073500.0,148920.0,1293812.0,2346500.0,4783300.0,1616453.0,475200.0,94666.0,143000.0,437500.0,7700.0,270000.0,735000.0,53000.0,120000.0,647956.0,700000.0,108000.0,1080580.0,434300.0,3330000.0,3050000.0,1000000.0,33080.0,1749135.0,82000.0,252000.0,59340.0,13880.0,26500.0,2889210.0,442150.0,87450.0,17000.0,14000.0,4200000.0,65000.0,62400.0,108100.0,33750.0,75000.0,350000.0,5000.0,150000.0,806000.0,600000.0,28500.0,110000.0,19900.0,594500.0,184500.0,2000100.0,37350.0,4360000.0,208000.0,592592.0,3500000.0,75500.0,96000.0,1512000.0,89000.0,3266000.0,1334000.0,3350000.0,126400.0,647956.0,270000.0,383560.0,1317180.0,87500.0,56150.0,218000.0,138300.0,495000.0,1500000.0,376000.0,18800.0,350000.0,3212000.0,202000.0,200000.0,105000.0,176000.0,70000.0,3830000.0,67000.0,500000.0,755000.0]
budget = 24933409.0
