citsat = [371.0,1402.0,318.0,267.0,309.0,1311.0,1059.0,354.0,183.0,149.0,228.0,179.0,239.0,311.0,844.0,435.0,194.0,714.0,241.0,835.0,328.0,119.0,344.0,445.0,270.0,93.0,208.0,399.0,222.0,1060.0,603.0,427.0,216.0,439.0,272.0,619.0,285.0,726.0,460.0,477.0,217.0,610.0,168.0,147.0,162.0,519.0,887.0,326.0,547.0,520.0,182.0,271.0,134.0,157.0,357.0,81.0,229.0,140.0,1005.0,1049.0,779.0,1413.0,1063.0,251.0,234.0,605.0,349.0,671.0,240.0,337.0,234.0,400.0,854.0,736.0,126.0,508.0,253.0,267.0,669.0,593.0,146.0,155.0,404.0,490.0,685.0,792.0,140.0,317.0,121.0,116.0,184.0,291.0,693.0,623.0,188.0,130.0,184.0,608.0,461.0,267.0]
alignment = [0.52703,0.37461,0.14057999999999998,0.34766,0.43404000000000004,0.42895000000000005,0.37461,0.3305,0.04411,0.42456000000000005,0.37461,0.04411,0.39177,0.46562000000000003,0.76454,0.17923,0.37461,0.37344,0.37461,0.37461,0.37461,0.37461,0.13512,0.64658,0.31608,0.04411,0.37461,0.01716,0.38045,0.36603,0.52703,0.17923,0.01716,0.42349000000000003,0.09406,0.31608,0.38045,0.31608,0.3305,0.39761,0.01716,0.01716,0.01716,0.01716,0.01716,0.17923,0.1609,0.16207,0.13512,0.25506,0.3305,0.49257,0.37461,0.37461,0.37461,0.37461,0.11122000000000001,0.11122000000000001,0.12342,0.43404000000000004,0.11796,0.01716,0.11796,0.38045,0.04411,0.14057999999999998,0.21641,0.38045,0.3305,0.37461,0.37461,0.21641,0.1484,0.37461,0.69069,0.12342,0.43404000000000004,0.43404000000000004,0.46562000000000003,0.3305,0.43404000000000004,0.3305,0.3305,0.54145,0.49257,0.49257,0.49257,0.49257,0.11796,0.37461,0.01716,0.37461,0.11796,0.31608,0.37461,0.37461,0.37461,0.11561,0.14057999999999998,0.31608]
cost = [75000.0,200000.0,235000.0,71000.0,70000.0,58950.0,498660.0,21700.0,47900.0,35000.0,34400.0,46400.0,18500.0,19000.0,4500.0,400000.0,12500.0,6500.0,37400.0,9000.0,8500.0,8500.0,250000.0,25000.0,12500.0,7620.0,4000.0,8000.0,94600.0,465000.0,100000.0,45000.0,19300.0,289000.0,30000.0,270000.0,67800.0,275000.0,22500.0,51100.0,9300.0,8900.0,17300.0,17500.0,40000.0,159500.0,77940.0,73000.0,160000.0,80900.0,100000.0,40500.0,9000.0,9000.0,9600.0,7600.0,67040.0,42919.0,65000.0,85000.0,50300.0,140000.0,245000.0,29000.0,65000.0,99800.0,178900.0,158600.0,144000.0,22000.0,30000.0,80000.0,38550.0,181000.0,25000.0,25000.0,60000.0,3000.0,290000.0,71000.0,5500.0,120000.0,6100.0,200000.0,60000.0,100000.0,18500.0,31000.0,5000.0,9900.0,42500.0,42700.0,140000.0,180000.0,16000.0,10000.0,6000.0,450000.0,277790.0,131000.0]
budget = 2493341.0
