citsat = [234.0,278.0,482.0,684.0,278.0,111.0,213.0,460.0,582.0,333.0,212.0,463.0,216.0,533.0,357.0,325.0,141.0,272.0,481.0,324.0,384.0,294.0,283.0,103.0,132.0,327.0,204.0,349.0,231.0,145.0,88.0,165.0,220.0,185.0,197.0,164.0,118.0,413.0,266.0,171.0]
alignment = [0.32154000000000005,0.37461,0.21095,0.22810999999999998,0.22810999999999998,0.37461,0.49257,0.37461,0.37461,0.3305,0.37461,0.39177,0.42456000000000005,0.43404000000000004,0.01716,0.04411,0.37461,0,0.11796,0.37461,0.18506999999999998,0.18506999999999998,0.37461,0.37461,0.04411,0.37461,0.3305,0.37461,0.3305,0.37461,0.37461,0.37461,0.3305,0.38045,0.38045,0.3305,0.04411,0.13512,0.04411,0.04411]
cost = [55333.0,7000.0,30000.0,166222.0,110000.0,6600.0,39680.0,30000.0,30100.0,85000.0,20100.0,50000.0,21945.0,166000.0,60000.0,30500.0,45000.0,139600.0,150000.0,10000.0,37510.0,40870.0,65800.0,6100.0,9500.0,18100.0,10400.0,14100.0,2000.0,7800.0,7000.0,11000.0,6500.0,97500.0,11600.0,36900.0,13200.0,166210.0,60000.0,25000.0]
budget = 831114.0
