citsat = [1245.0,1398.0,939.0,1254.0,493.0,808.0,1038.0,345.0,1990.0,1734.0,1533.0,751.0,440.0,569.0,734.0,543.0,496.0,1110.0,1066.0,431.0,975.0,1119.0,517.0,905.0,1176.0,678.0]
alignment = [0.12342,0.37461,0.21641,0.13512,0.37461,0.12342,0.21641,0.42456000000000005,0.09299,0.21641,0.21641,0.18506999999999998,0.13512,0.18506999999999998,0.13512,0.14057999999999998,0.43404000000000004,0.43404000000000004,0.13512,0.42349000000000003,0.44927,0.13512,0.35312,0.21095,0.12342,0.14057999999999998]
cost = [107000.0,220000.0,16000.0,160000.0,6000.0,58000.0,40800.0,35000.0,110000.0,101600.0,249200.0,114000.0,50600.0,36400.0,97000.0,114000.0,40702.0,30000.0,106000.0,15000.0,20350.0,60929.0,35000.0,29000.0,148000.0,20000.0]
budget = 1246670.0
