citsat = [1085.0,747.0,1581.0,306.0,727.0,1001.0,145.0,390.0,352.0,486.0,464.0,640.0,675.0,255.0,312.0,290.0,374.0,484.0,981.0,248.0,581.0,348.0,929.0,516.0,223.0,837.0,299.0,277.0,173.0,817.0,1473.0,232.0,95.0,521.0,1609.0,635.0,379.0,488.0,920.0,473.0,563.0,463.0,429.0,210.0,1083.0,1062.0,792.0,671.0,394.0]
alignment = [0.43404000000000004,0.14057999999999998,0.21641,0.47815,0.43950000000000006,0.45120000000000005,0.42456000000000005,0.42623,0.14057999999999998,0.49257,0.16207,0.14057999999999998,0.21641,0.34766,0.17923,0.39177,0.21641,0.04411,0.35312,0.11796,0.31608,0.17923,0.16207,0.41453000000000007,0.16753,0.37461,0.37461,0.49257,0.49257,0.37461,0.21095,0.04411,0.31608,0.44846,0.21641,0.43404000000000004,0.34766,0.37461,0.21641,0.21641,0.3305,0.49257,0.37344,0.14057999999999998,0.13512,0.45120000000000005,0.33324000000000004,0.49257,0.13512]
cost = [282400.0,31022.0,24000.0,15500.0,153000.0,236000.0,35000.0,257000.0,269000.0,44000.0,46000.0,41000.0,48690.0,35700.0,55000.0,12450.0,40000.0,20000.0,108950.0,280000.0,264000.0,261500.0,96000.0,40000.0,20000.0,100000.0,16000.0,4500.0,4000.0,20000.0,21000.0,96000.0,30000.0,31100.0,86000.0,150000.0,265000.0,31100.0,282500.0,25000.0,72000.0,45000.0,36900.0,24000.0,282579.0,25000.0,38000.0,75000.0,79000.0]
budget = 1412893.0
