citsat = [1385.0,427.0,1297.0,1969.0,700.0,697.0,266.0,637.0,533.0,1543.0,611.0,813.0,945.0,478.0,1161.0,583.0,1464.0,1737.0,773.0,1647.0,1062.0,268.0,523.0,902.0,965.0,861.0,264.0,1206.0,2737.0,650.0,727.0,397.0,846.0,463.0,810.0,395.0,1354.0,3506.0,1089.0,708.0,1608.0,405.0,960.0,799.0,717.0,747.0,402.0,800.0,321.0,266.0,336.0,413.0,1069.0,319.0,996.0,672.0,760.0,1179.0,374.0,579.0,281.0,1160.0,382.0,443.0,462.0,836.0,105.0,1304.0,329.0,803.0,388.0,2495.0,1030.0,416.0,401.0,1523.0,558.0,324.0,398.0,1145.0,88.0,298.0,1102.0,993.0,1117.0,279.0,933.0,412.0,908.0,614.0,1406.0,1569.0,360.0,577.0,352.0,2780.0,1556.0,1197.0,616.0,432.0,1704.0,603.0,1759.0,470.0,660.0,667.0,925.0]
alignment = [0.38007,0.32154000000000005,0.13512,0.21095,0.37461,0.11796,0.42456000000000005,0.39761,0.38045,0.42456000000000005,0.49257,0.14057999999999998,0.17337,0.37461,0.21641,0.16753,0.00546,0.21641,0.43404000000000004,0.11796,0.43404000000000004,0.11796,0.17923,0.12342,0.46562000000000003,0.46562000000000003,0.21641,0.54145,0.09845000000000001,0.21641,0.21641,0.39177,0.46562000000000003,0.43404000000000004,0.46562000000000003,0.3305,0.00546,0.14057999999999998,0.11796,0.13512,0.21641,0.37461,0.43404000000000004,0.12342,0.43404000000000004,0.52703,0.34766,0.21641,0.04411,0.01716,0.4395,0.25506,0.43404000000000004,0.43404000000000004,0.12342,0.14057999999999998,0.37461,0.12342,0.16288,0.11796,0.16872,0.37461,0.31608,0.21641,0.37461,0.13512,0.37461,0.4395,0.3305,0.32154000000000005,0.31608,0.12342,0.47815,0.38045,0.37461,0.04411,0.35628000000000004,0.38045,0.35628000000000004,0.21641,0.43404000000000004,0.49841,0.37461,0.11796,0.21641,0.49257,0.22810999999999998,0.02262,0.21095,0.49257,0.42895000000000005,0.43404000000000004,0.40623000000000004,0.37344,0.3305,0.54145,0.21641,0.16207,0.49257,0.43404000000000004,0.13512,0.13512,0.21641,0.01716,0.17337,0.13512,0.37461]
cost = [140000.0,845000.0,130000.0,20000.0,20000.0,12800.0,34240.0,130500.0,73400.0,114200.0,14900.0,177500.0,62000.0,25000.0,15000.0,161000.0,225000.0,65100.0,90000.0,123000.0,930000.0,8250.0,370000.0,65000.0,416000.0,600000.0,316700.0,63500.0,15400.0,90000.0,283500.0,40500.0,330000.0,180000.0,150000.0,102500.0,35000.0,563250.0,200000.0,117000.0,732000.0,46000.0,200000.0,60000.0,25000.0,400000.0,87000.0,52000.0,101000.0,24170.0,150000.0,750000.0,25290.0,269666.0,620500.0,584100.0,19910.0,151750.0,22500.0,92948.0,22500.0,300000.0,780000.0,40000.0,23770.0,220000.0,45000.0,177138.0,16700.0,52000.0,666550.0,75000.0,100000.0,39870.0,51000.0,57600.0,45000.0,39870.0,23800.0,75480.0,100000.0,51800.0,60000.0,310000.0,558500.0,41200.0,720000.0,721250.0,34250.0,158000.0,119600.0,920000.0,9300.0,13500.0,17600.0,150000.0,56000.0,86500.0,80500.0,70000.0,267750.0,183500.0,62000.0,20000.0,77021.0,365450.0,143500.0]
budget = 4654236.0
