citsat = [834.0,1090.0,586.0,1526.0,471.0,740.0,1121.0,814.0,349.0,192.0,310.0,463.0,1931.0,1576.0,380.0,877.0,465.0,606.0,332.0,1705.0,477.0,210.0,167.0,414.0,163.0,510.0,220.0,532.0,149.0,1316.0,319.0,1769.0,1110.0,1060.0,588.0,245.0,489.0,738.0,321.0,1851.0,133.0,132.0,131.0,1095.0,42.0,1410.0,1402.0,736.0,988.0,305.0,719.0,529.0,336.0,862.0,326.0,363.0,2164.0,307.0,1051.0,430.0,1419.0,323.0,625.0,564.0,1393.0,729.0,1093.0]
alignment = [0.21641,0.21641,0.43404000000000004,0.21641,0.37461,0.37461,0.37461,0.14057999999999998,0.37461,0.49257,0.47424,0.06711,0.09299,0.09299,0.12342,0.21641,0.14057999999999998,0.49257,0.12342,0.00546,0.44927,0.42456000000000005,0.16288,0.13512,0.37461,0.42349000000000003,0.01716,0.43404000000000004,0.01716,0.14256000000000002,0.48399000000000003,0.00546,0.66374,0.49257,0.14057999999999998,0.01716,0.1609,0.16753,0.3305,0.42895000000000005,0.39177,0.3305,0.04411,0.11796,0.37461,0.12342,0.12342,0.04957,0.25506,0.37461,0.11796,0.11796,0.04411,0.3305,0.11796,0.00546,0.21641,0.11796,0.09845000000000001,0.11796,0.12342,0.21641,0.4395,0.43404000000000004,0.21641,0.21641,0.21641]
cost = [59000.0,150000.0,15000.0,306840.0,77500.0,127500.0,150000.0,332445.0,40000.0,50000.0,61900.0,58000.0,49500.0,5000.0,20000.0,281800.0,330000.0,150000.0,48200.0,87000.0,22500.0,21560.0,22500.0,225000.0,89600.0,150000.0,38080.0,180000.0,27550.0,50000.0,20000.0,11000.0,20000.0,22000.0,110000.0,100000.0,80000.0,111240.0,45000.0,25000.0,30000.0,38000.0,50000.0,9180.0,29000.0,8000.0,46000.0,56000.0,7000.0,48500.0,20000.0,20000.0,60000.0,28000.0,124000.0,17000.0,332000.0,80000.0,20000.0,332445.0,214600.0,200000.0,330000.0,261890.0,35000.0,60000.0,82150.0]
budget = 1662227.0
